0 1 0
0.0125 0.999796 -0.0162426
0.025 0.999391 -0.0323197
0.0375 0.998787 -0.0482354
0.05 0.997986 -0.063994
0.0625 0.99699 -0.0795997
0.075 0.995801 -0.0950565
0.0875 0.99442 -0.110369
0.1 0.99285 -0.12554
0.1125 0.991092 -0.140574
0.125 0.989147 -0.155476
0.1375 0.987018 -0.170249
0.15 0.984706 -0.184896
0.1625 0.982212 -0.199422
0.175 0.979538 -0.21383
0.1875 0.976686 -0.228125
0.2 0.973656 -0.242309
0.2125 0.97045 -0.256385
0.225 0.96707 -0.270359
0.2375 0.963516 -0.284232
0.25 0.95979 -0.298009
0.2625 0.955892 -0.311692
0.275 0.951825 -0.325285
0.2875 0.94759 -0.338791
0.3 0.943186 -0.352213
0.3125 0.938616 -0.365554
0.325 0.933879 -0.378816
0.3375 0.928978 -0.392004
0.35 0.923913 -0.405118
0.3625 0.918685 -0.418163
0.375 0.913295 -0.43114
0.3875 0.907743 -0.444052
0.4 0.902031 -0.456901
0.4125 0.896159 -0.46969
0.425 0.890128 -0.482421
0.4375 0.883938 -0.495095
0.45 0.877591 -0.507715
0.4625 0.871086 -0.520283
0.475 0.864425 -0.5328
0.4875 0.857608 -0.545267
0.5 0.850636 -0.557687
0.5125 0.843509 -0.570059
0.525 0.836229 -0.582387
0.5375 0.828794 -0.59467
0.55 0.821207 -0.60691
0.5625 0.813467 -0.619107
0.575 0.805575 -0.631261
0.5875 0.797532 -0.643374
0.6 0.789338 -0.655444
0.6125 0.780994 -0.667474
0.625 0.772499 -0.679461
0.6375 0.763856 -0.691406
0.65 0.755063 -0.703309
0.6625 0.746123 -0.715168
0.675 0.737034 -0.726982
0.6875 0.727799 -0.738751
0.7 0.718417 -0.750473
0.7125 0.708889 -0.762147
0.725 0.699216 -0.77377
0.7375 0.689398 -0.78534
0.75 0.679436 -0.796856
0.7625 0.669331 -0.808314
0.775 0.659084 -0.819711
0.7875 0.648695 -0.831045
0.8 0.638165 -0.842312
0.8125 0.627495 -0.853508
0.825 0.616686 -0.864628
0.8375 0.605739 -0.875669
0.85 0.594655 -0.886626
0.8625 0.583436 -0.897493
0.875 0.572081 -0.908266
0.8875 0.560593 -0.918938
0.9 0.548974 -0.929503
0.9125 0.537223 -0.939954
0.925 0.525344 -0.950286
0.9375 0.513336 -0.960489
0.95 0.501204 -0.970556
0.9625 0.488947 -0.980479
0.975 0.476567 -0.99025
0.9875 0.464068 -0.999858
1 0.451451 -1.00929
1.0125 0.438718 -1.01855
1.025 0.425872 -1.02761
1.0375 0.412915 -1.03647
1.05 0.39985 -1.04511
1.0625 0.38668 -1.05352
1.075 0.373408 -1.0617
1.0875 0.360037 -1.06961
1.1 0.34657 -1.07726
1.1125 0.333012 -1.08463
1.125 0.319365 -1.09169
1.1375 0.305633 -1.09844
1.15 0.291822 -1.10486
1.1625 0.277934 -1.11093
1.175 0.263976 -1.11663
1.1875 0.249951 -1.12194
1.2 0.235864 -1.12684
1.2125 0.221722 -1.13132
1.225 0.20753 -1.13535
1.2375 0.193293 -1.1389
1.25 0.179018 -1.14196
1.2625 0.164711 -1.1445
1.275 0.150379 -1.1465
1.2875 0.136029 -1.14793
1.3 0.121669 -1.14876
1.3125 0.107307 -1.14897
1.325 0.0929497 -1.14852
1.3375 0.078607 -1.14738
1.35 0.0642875 -1.14554
1.3625 0.0500004 -1.14294
1.375 0.0357556 -1.13956
1.3875 0.0215633 -1.13537
1.4 0.00743406 -1.13033
1.4125 -0.00662097 -1.1244
1.425 -0.0205902 -1.11754
1.4375 -0.0344616 -1.10972
1.45 -0.0482225 -1.10088
1.4625 -0.0618599 -1.091
1.475 -0.0753599 -1.08003
1.4875 -0.0887086 -1.06792
1.5 -0.101891 -1.05462
1.5125 -0.114891 -1.04009
1.525 -0.127694 -1.02427
1.5375 -0.140283 -1.00712
1.55 -0.152639 -0.988589
1.5625 -0.164746 -0.968612
1.575 -0.176584 -0.947136
1.5875 -0.188134 -0.924104
1.6 -0.199376 -0.899456
1.6125 -0.210289 -0.87313
1.625 -0.220851 -0.845062
1.6375 -0.231039 -0.815186
1.65 -0.240831 -0.783436
1.6625 -0.250201 -0.749741
1.675 -0.259124 -0.714031
1.6875 -0.267575 -0.67623
1.7 -0.275526 -0.636264
1.7125 -0.282949 -0.594054
1.725 -0.289815 -0.549519
1.7375 -0.296095 -0.502578
1.75 -0.301756 -0.453144
1.7625 -0.306767 -0.401131
1.775 -0.311094 -0.346448
1.7875 -0.314703 -0.289003
1.8 -0.317559 -0.228701
1.8125 -0.319623 -0.165443
1.825 -0.320858 -0.0991305
1.8375 -0.321224 -0.0296591
1.85 -0.320681 0.0430768
1.8625 -0.319186 0.119186
1.875 -0.316696 0.198781
1.8875 -0.313166 0.281975
1.9 -0.30855 0.368888
1.9125 -0.302798 0.459639
1.925 -0.295863 0.554352
1.9375 -0.287692 0.653156
1.95 -0.278233 0.75618
1.9625 -0.267431 0.863559
1.975 -0.255231 0.97543
1.9875 -0.241574 1.09193
2 -0.2264 1.21321
2.0125 -0.209649 1.33942
